  50.77480  219.43178  196.06359    1.91837  241.26203  159.88689  238.97833  183.64619  117.03134   65.24906    8.91639   30.81708  144.77083   43.92362   59.67163  159.63518  138.96302  204.57023   27.49754  195.11603
 106.54219  278.68746   58.83193  162.07510  169.03210  235.03124   25.56989  203.49915   53.24573  253.45303  193.86153  123.75790   11.95794  111.07128   35.72572  165.62764  240.58028  227.10148  262.76932  284.33280
 101.12894  256.35567  115.23654  114.50939   72.62128  134.44886  116.71483  160.64165  208.92934  184.12373  217.22855   38.80332  282.33859  290.55982  287.33649  189.84528  266.72739   37.09705  189.02577  259.37269
  92.10845  114.85216  198.80344  260.06824  285.82806  104.96059  200.03893  145.83457  268.31979  173.94573   49.23346  219.50422  176.16861   82.39619  271.14103   92.52376  189.89624   62.40678  123.27827  161.94480
  79.53764   50.06907   57.48667  221.58023   87.07589  208.42755   78.17702   23.38545  170.20614  143.49484  259.09646  260.21060  267.18687   27.41947  290.63797   49.53037   41.61039  262.16152  149.13050  179.84012
 108.24197  113.81532   94.38804  105.24035  279.25083  133.07603  172.69829  295.19386  231.49250  279.64017  201.79235  198.61953  282.67481    4.19967  152.26146  208.69707    9.20684   12.63790   42.66083  266.72055
  49.71942  167.46898  125.74880  229.17205  181.93896  139.11425  188.61451  183.21684  231.56503  151.60015   73.13188  240.66640   48.67638   19.34607  165.25912  146.82330   13.86753  240.12868  167.81904  289.02733
 291.41794   22.75480  201.84131  104.53013   47.75740  231.83920  284.60665  159.50211  110.15254   98.11987  193.64439  147.49355  221.13545  244.08758   84.25822  171.16521  269.47143  100.62223  153.88632   45.04218
 255.81513  140.99431   28.53348  284.45262  206.17151  209.50632  173.85085  249.97187  217.58136  199.03870   81.09087    1.85259  275.30024  228.60314  187.38792  260.23402  137.39726  163.23851  281.38203    5.84989
   2.66175  244.70635   76.54919   60.45197   67.55673   38.69753  166.92452    3.37856  108.50381  208.06676   26.61439  127.28308   90.19949   65.89503  217.79839   72.51404   75.95658  192.10291   49.90189   32.64157
 274.62116  215.65870  173.06615  154.28914  252.06696   61.60937   15.49481   31.68863   64.27992   99.86687  199.30589  285.63729  171.47259  297.43863  189.85034  153.50297  238.59616  299.65686   38.01398  280.22641
 147.60093  212.09352  133.54289   97.38577    6.17914  157.71433   42.57606  128.98077  275.34882   19.08868  198.47353   71.78394  215.49508  252.30408  278.52096  114.02679   15.42326  171.77298  237.89653  136.73951
  77.33319  250.34711  176.51483   70.77931   81.65545    6.52409  169.13580   71.45434    8.85716   57.13295   61.06114   63.23147  185.28634   29.31203  185.00200  210.02057  218.43965   91.84370  205.95161    3.32816
 174.11683    4.40925  133.19402   55.71886   40.68170  298.77863   60.47891   56.18782  297.42552  102.25756  163.33260   93.98897  219.17817  298.46731  139.30280  195.48699  163.83062  179.96157  270.54244  187.97926
 224.41159   88.06290  135.03889   27.38439   94.51928   22.78262  266.96293  104.11089   28.88271  231.23155   75.13782   65.94219  222.00081  162.02630  220.11495   10.82953  279.63053   70.68896  269.65242  290.06249
 138.72415  112.15632  250.72537   92.84367  193.83661  222.30436  145.19741  264.27019   98.62106   22.14404  251.13277  298.36747   14.48168  142.16132   33.22436  165.91389  186.36441   58.11821  146.34536  277.80243
 176.59988  153.93095   82.96470   12.57449  194.04298  289.67781  173.35272  241.54725   23.81376  145.15739   72.30862  204.79953  235.66372  266.65821  148.05298   70.27293  101.45609   47.96289  293.99071  146.62195
  55.35658  171.94348  261.22738  122.45480  190.75064  268.53879  133.62607   87.58492   22.70633  274.39706  256.66934  235.12007   52.30337  239.94741    1.42264   85.26450   74.00677  225.02150  108.25228  282.80453
 275.36604  280.54398  133.61132  279.66707   23.26010   97.45287  211.14527   15.89449  294.06467   40.26255   91.80321  114.33495   58.54588  111.49625  186.41621  243.86062  100.81932  187.40827  187.12410  191.88382
  63.15115  150.70284  258.09477  287.70505  100.73290  123.58491  103.09754   87.80240  106.77863  109.99007   17.34748   76.09625   49.15954  190.21842   84.12417  199.12077  273.61872  191.32577  182.00972   57.51138
 206.56929  276.67188  136.80166    4.76972   70.65294  289.66082  118.46085  295.65981  253.89055   55.26784  248.48057   75.60092   80.62898    2.86514  238.16623   25.48640   76.42917   95.08569   93.65075  142.19463
  89.62300  205.15473   94.96549    1.19313  106.97855  205.94608   33.27490   94.72950   94.16070  110.31847   63.84607   83.75666   62.93692  243.67353  128.38632   37.69811   90.44536    1.91240  142.30937  168.45461
 213.50522  257.80611  133.79241   52.74014  113.03770  186.20295   76.79915  162.04239   42.46763    7.57183  116.21441  160.50990  117.49065  201.79924   55.77856  254.85617   18.51637  140.53878  170.32510  244.55561
 205.01769  295.26069  141.91136  197.90417   26.62379  109.24027  103.74115  120.75706    8.14045   41.36068  119.46016  158.70651  107.28087   94.43547   31.64939  153.71386  121.73571  225.98299  223.73759   60.43257
 130.59374  179.56240  273.28945   59.41629  128.52990  209.09194   24.30754   70.67510   56.83686  101.65417   45.80251   98.67621   88.08375  233.46109   12.20355  101.34825  159.50197  158.19659  250.73947  122.13536
 153.38584  147.46481   54.47562   86.74793  122.60285  203.18734  241.81007   75.52152   97.33759  280.32583  175.60612  244.42939  186.92400  237.85663  286.60097   47.45853  158.00379  173.13578  186.21316  281.12365
 135.67227  163.12073  126.13684   87.11145  219.96485  130.54111   56.37974   27.95049  151.41669  157.07065  151.82557   21.70232  178.34988  146.13424  129.74821   85.93307  257.81328  122.96360    4.02194  224.80915
  54.17659  226.27261  265.03688   27.59670  187.38480  197.74664   77.34185   75.03196  257.26084   95.40550   71.54923  224.11909  102.93664  258.94474  227.92339   35.67706  106.48335  104.47457   65.40901   77.41444
  70.36046  293.16719  277.58170  260.19858  239.01444  101.26992  208.77385  156.32985  130.88925   52.10534  211.34434   64.95846  201.17482   60.19799   64.36998  115.60933  235.29448  259.43289  178.13744  254.19728
  59.19192  187.68312  149.40424  176.62036  233.96206   99.96468  156.05932  277.50093  218.13553  120.07847  137.61669  181.41467   45.77050  199.37310  179.08620   59.17197   41.84852  124.09684   76.92059   78.00730
  65.86934  204.03529   91.43693  197.88553  298.59996  165.41404   52.41695   60.94134  160.07420    7.03772  108.85444  102.36756  221.95006   61.91183  211.19512  231.73551  145.92101  260.70944  154.68395  245.74478
  36.80587  114.72119  180.56883   99.30222    1.83235  256.37078   50.70767  244.78236   84.09664  175.74012   58.55005  277.99765  223.72041  235.69856  194.37262  138.49132   23.74170  243.20411  282.30195   26.64643
 233.95966  163.60505  135.40507  123.10596  148.85013   11.23741   70.60484  218.65046  208.16186  175.20699   81.55483   10.83833  209.77561  115.49701  247.89857  295.52928  292.88011  175.77610  193.30292  253.17007
  27.78361  111.73333   14.23357  157.98483  210.35408  284.67737   72.82205  128.29449  222.09520  112.59516  145.48030  200.50083  192.58551   90.38793  294.36076  169.08291  266.81110   59.43768  124.66861   94.29663
 258.03572    0.53844  151.08419  100.16989  160.29945  286.85876   75.93575  262.25295   97.86829  101.32153  164.62792    6.78210   68.69767  267.97679  205.58693   85.47094  261.58874  168.09993   17.95731  207.72696
  26.07891   11.07457  138.48440  207.48116  296.70987  191.49026  134.51636  282.61528  296.04695  230.18596    6.10788   31.39160  207.83958   62.79392   96.61140  221.21423  275.85271    3.23998  161.20884  160.53297
  63.95277  187.16604  120.54940  160.35961  258.24778  138.69891   49.05963  235.46296  248.67268  253.37315   24.46338   93.90355   32.93525  289.83377  136.13399  153.79884  270.28233  248.58355   42.78125   76.57612
  81.61973  105.71167  107.00138  266.93543  131.77951  240.50784  257.13458  132.78616   79.77018  220.12232  288.35051  266.22306  291.23008  287.84424  105.65140  242.54738  236.40438  167.66062  272.37654   73.22742
   9.13774  125.47438  204.50178   85.77349   57.70878  167.64699   80.14080  295.66301   83.16277    4.05164  205.61374   83.75331  193.72499   54.29099  152.01103   51.52920   88.61202  265.56720  195.89995   33.37738
 287.43606  115.53634    8.05158  130.44436  247.89409   83.43250   47.17076  157.81723   33.08674   87.54752   61.37604   69.03047  297.24937  112.54352   18.81911   95.04651  288.33121  153.92814  192.23554  165.35746
  58.27842  186.79519  273.00864   16.56985  283.43502  213.81174  174.79982  120.53406  275.42325   16.09405  283.12461  259.94008   50.12054  169.98324   22.28034  245.05299  286.96346  184.33257   79.00873  121.48262
  52.09554  249.12067  155.10985  280.20954  204.46203  222.90599  245.87475  148.22060   52.44586  265.86792  136.57029  251.67808   13.96326  232.75149   33.44359  298.47910  287.48721   61.52831  182.11415  211.63215
 230.63141  276.99304  166.64761   33.10105  141.99488  148.93323  263.65951   69.01079   18.16063  154.79684  277.42704  111.86449  265.96293  216.92471  237.30825  114.09809   90.28616  208.49866  122.61366  227.58968
 179.31367  229.79996  102.19860   68.08459  135.15268   20.71919  101.86334  187.52368  190.04107   31.44260  139.19100  292.72730   59.47027  259.04007  146.35886  259.36527  241.98681  281.51598  180.03724   44.32853
 213.46312  173.41649  246.47289  133.68662  138.41009  299.36155  153.23141  163.88567  268.43708   63.33458   82.18867   79.37420   86.54364   75.26803  192.09812  249.49790   97.02229  273.42590   70.95364  122.38575
 229.08998   85.72697  181.38443  190.41987   28.75206  199.19827   40.94643  133.74586  138.38610  126.56609   26.20538   86.57320  265.05935   71.91456  254.14604  223.54764  283.66872   81.42388  262.95946  104.17523
  75.53806  203.73896  140.75517   57.85655  196.50671  202.40713  125.19198  287.24973  290.41067  205.53104  164.09463  107.33597   75.02527    9.09445  118.74272   54.41648  160.26698  107.25831   89.27919  205.87136
 243.74972   59.76760  298.36963   46.13887  232.20668   52.84237  239.28341  147.50471  156.87226   44.20114    0.05393  298.79167   82.91448  177.07110   38.12194   95.32096   30.05004  278.48884   43.50174    4.84328
 181.15586  104.15255  197.72539    8.49046  261.68645   43.85740  234.66732   25.47956  291.08141  111.76089  165.51665   54.81103  203.23154  147.37277  278.15143  290.24546  259.08024  271.05380   85.24561  162.84218
 206.22216  105.20394   46.07546  103.88051  280.56186  128.89066  251.65518  299.20046  252.54146  266.94263  203.39554  293.83753   99.61913  284.67674  297.30474  284.33060  190.67500  164.46197   54.98074  225.06549
 106.57730  230.94247  224.13801  213.95916   12.52238  241.54706  123.37943   20.10919   85.48707  128.90821    8.71533  134.66230  184.19629   71.65814    4.12708  196.91210   68.57702   90.41109  258.82521   75.16302
 146.84097  206.28107   96.26546  266.40952  234.45019  231.55341   24.51647  166.53628  203.40993   92.61249   89.46232  225.69143  257.91271    7.53933    1.57734  188.33571  147.15338  218.59946  292.60934   98.87309
 150.79562   41.32070  281.72968  149.68046  192.37694   63.16590  148.49692  199.46354   49.46654  138.07387  209.94897  147.73011  101.69557   83.36702  177.68899   79.44961  268.61568  260.15998  236.88881  147.25827
 202.78222  288.43854  289.37443   25.55388  240.52520  210.83862   17.52593  134.12941   71.29023  208.16758   31.59007   36.25743  180.11888  105.46370  135.04032  114.34083  248.92308   82.42142  216.72941   29.92012
 258.90601   66.22207    0.40931  214.04004  121.91237  253.83439   28.79293  272.08316  206.66975  163.23841  175.48421  185.02805  128.52590  226.97924  169.24937   92.81280  199.15868  198.76404  208.12369  152.10403
 203.17426  113.55288    1.25415  227.58632   36.06258   11.55814  181.27533   89.10905  153.97946  174.73425  152.20591  182.31044  194.16224  266.26873  258.82085  147.67035    7.04838  246.24901   82.89831   25.06626
  27.91983  275.97255  283.56085  279.78102  116.27737  175.55120   99.15095  174.37430   89.18347   30.18487  249.85876    4.47394  298.15448  262.75964  163.11888   81.70811  162.74781  298.80637   66.00119    5.28456
 108.96141   84.11570   81.93532   33.52339  272.49399  138.65083   97.25898  177.74109  155.06053   88.33451   12.36354   24.92483  242.69472   69.26864  187.74197  198.64866  273.88375  286.11713  171.25061  107.65350
 145.36798  141.53763  163.99282  279.47524   41.53019  170.11013   78.06627  145.12922  298.26189  296.43386  236.30742  195.56847  192.53430  265.54231   36.67421   81.55763   47.78312  222.89796  120.30725   81.36897
  73.85823   59.29494  145.62947  233.24836  291.77677   40.93399   36.17937   61.40248    6.72687   99.90075  254.48693  148.21009   71.37414  175.57030  101.41883  285.66938  145.08736  199.42063  138.19641  114.34376
  61.05035  120.85701  253.34941   33.69231  185.00982  269.94276  139.34558  245.27832  158.63911  284.84852  116.52181  232.79561  121.67812  171.12725  185.53148  275.13270  272.17666    1.79077  174.99902  189.35033
 170.31684   67.34262  150.64007  245.83525   54.39596   21.49348  214.83948  146.95237  201.43077  266.23116  251.55708  138.52829   12.14996  222.82754   21.84127  297.84388  169.19855  125.10425   20.23303  267.63377
 149.14644  123.18918  226.30082   54.78695   12.98145  166.48416  281.20899   12.47826  265.15179  107.84945   67.53509   91.20608  209.11361  104.47296  258.26932  179.46748   24.73430    2.87866   22.59202    5.73259
  40.91306  192.83003  152.86220  138.47091   89.80398  176.16927  180.90204  260.93201   37.35059  170.49703    4.80441  120.64814  244.38912   46.17005   62.41142  234.02181  215.34758  209.51992   68.76980  204.53541
 299.78961  128.80565   68.65257  100.56778  280.85849  138.22918   30.96219  226.02659  170.31762  231.98016  122.07305  256.53911    1.72187  205.98008   76.03488  148.42276  289.33313  266.44298  112.35229  243.33208
 129.36701  201.70090  233.72292   98.73200  261.03944  276.41487  252.36209    5.37842  144.69088  187.21901  297.16353  181.20313  224.35532  216.01144  249.12675  104.99323  133.61239  211.42164  232.40071  142.83372
  95.48534   32.48216  229.64798   66.90845  102.42608  253.64494   59.61781  177.13451   68.84870  147.60639  181.93113   29.28167  248.77029  271.20515  197.33335  105.08480   83.67149   68.21177  213.40471   32.28606
 163.80149  269.27327  214.44316   53.32264  162.59404  125.04119   16.48327  225.39262  162.90021  275.82461  193.65548  119.17523   33.51759  126.89682  185.83183  110.57775  269.97195   86.08122   71.11093   80.45190
 126.43650  255.68387  139.29936  120.94997   64.80259  215.04124  203.03742  119.52364  232.66413  150.48109  297.36804  128.61346  184.64412  104.57505  169.31287  116.19191  281.27964  151.40891  144.81646  185.57366
  22.88459  233.68126  268.12505   79.28467   32.54522  103.89619  278.12808  205.75793  248.28596   66.75329  268.34632  192.74154  201.78294  232.94061   98.50009  192.63918  148.16480  139.27597  229.79930   63.88569
 182.50293  274.93091   29.49766  200.06818   17.77102  292.08462  271.54044  210.48630  251.76890  123.27135   88.89492  207.58302   18.42909   20.49827  121.40118  125.81885  293.39284   17.29720  174.49976  170.96880
 166.76432  109.60631  154.54835  207.05062  271.83178  178.47362  111.54622  196.77248  115.09731   28.41268  246.45540  269.82695  189.34499  125.15140  203.57204  167.10242  131.35639   29.09016  239.18280   50.79339
 149.20654   85.34851   27.56105   81.77753   25.26690  106.08081   76.19332  281.07046   71.64824  249.78258  276.02598  236.96897   87.42560  279.57446   40.10040  193.89006   63.03856  238.12694  115.88886  257.83283
 149.08572  239.33226  179.87023  232.92501  256.77596  226.81003  183.78515  104.41060  144.43816  222.50286  162.59057   33.77066  144.96356  282.36982  176.00600  255.22311  236.09744  135.04680  259.62391   62.53725
  13.29664  294.38355  136.22494  198.51743  225.58023    9.49015  223.40468  238.07390  299.53347  182.57561   68.12620  154.85167    8.74249  149.13467  203.60727  149.02189  150.99197  238.28932  216.12219   93.44468
 204.22046   89.79070  299.65982  231.27499   99.47535  171.75856   38.30236  139.87857   81.62446  184.50708   95.75963  201.70785  162.81795  163.69261  237.42440  258.85063  101.21424  192.68828  163.38448   27.34502
 196.64595  151.70600  172.90600   37.31100  123.64843   31.62786  145.85838  170.94265  261.06651   16.21751  273.21025   57.34721  121.41566   42.03438   57.81163  222.82474  232.94305  159.28461  268.83014   35.17161
 200.09531  289.37783   67.78717  130.49233  221.69866    8.21691  150.94683  183.91365  101.21694  138.48630   63.83687  211.79433  293.18822   64.85210  291.17172  173.38013  127.12988  215.56441    7.57469  238.31078
 144.13098  168.34247   63.43565  204.34047   97.36087  222.15766  240.34436  212.65515   54.40358   15.83841  142.22694   59.82671   75.22936  218.97734   90.89903  210.17627   70.55745  282.86059  113.76974  143.65032
 204.63068   33.13255  283.66233  264.90704   13.00596  260.85085  226.37202    7.12144   41.18701  275.25409  118.02253  248.86477  120.61693  132.07010  197.68642  221.23464   39.81354   90.22490   24.96881   45.14159
  50.89601   18.87412   81.19622  107.52265   29.06561   74.88634  236.37426   47.37521   35.06560   63.77818  238.93212   27.50889  297.64817  197.07799    4.62496  287.10445  248.07651  190.34492  290.35461  140.94289
 233.24046  244.01750   46.44248  256.11302  115.26494  214.31160   22.78908  208.16101   76.51309   77.63972  221.72127  145.49372  194.96629  296.70302  190.59542  129.64431  105.95117  209.67289   52.95318   75.83699
 163.04608  273.79209    2.37195  214.13854  282.13538   56.69561  171.05220   21.76454  101.63822  255.72611   57.48391  142.05469  268.61812  238.19422  103.98302  285.91780  188.44333  234.11948  160.74913   84.62216
  51.05713   52.32266  293.66828  167.44289  251.93831   88.93112  116.42531  152.89248   98.28903  208.41804  145.63083  208.88370  245.82249  208.29327  271.11314  147.36878  204.56964   51.87420  244.23132  276.62164
 238.41072   79.51977   25.10176  164.79976  286.34429  262.90064  276.32898   11.27190  252.19427  293.24418  108.56608  183.28835   72.09158  129.01368  106.42950  106.24467   67.82055   38.78455   74.75648   88.16878
  19.85373  289.79459   99.42717   14.34196  285.52825  252.47233   89.87555    9.96732  122.84566   90.88891  233.66890   96.26359   62.17935  183.31667   62.21814   69.18678   15.98239  225.53606  161.22927   99.33419
   5.63291   48.83319   92.93733  213.31631  218.03972  194.17510   11.95623  113.49183  266.32952  133.65702   65.56497  182.02444  228.07260  166.62628  191.83317  104.31028  104.76406  261.06464   46.81193  142.18027
 211.66014  107.03560  116.24567   60.49493  140.27965  109.71647  204.14993   60.61739  244.60953  256.32034  299.38054  109.59994   24.31903  194.00395  278.93240  212.73753   73.59896   45.95003  145.87875  281.11129
 282.29007  201.53859  222.99182  110.72134  142.64822  134.09557  180.08375  252.67032   84.52637  125.22350  187.05645   59.12079   45.89607    5.47281  149.82038   52.46071   56.65372   49.78907   62.41873   85.65517
 227.54899  207.63657   84.53300   92.58833  172.74211  251.44451    8.87256  108.55845  129.37250  277.51530  277.02823  225.14961   54.85422   71.16466   62.86438   66.15167  181.27775  267.19276  230.74631  163.00237
  16.45094    3.80303  192.73074    2.71312  276.83971   41.92191   43.65253   54.65828  283.74848  172.88594  134.16629   33.09096  145.01360   18.79446   57.90043   79.90866   29.35242  262.36734  119.41647  164.80472
 236.54157  123.83267  266.03871   41.37753   74.31275  104.87715   81.30272  238.95765  182.34589  163.10846  279.38868  210.46171  243.58541    2.56751  121.21884   83.21743  270.32503   55.84390   61.42325    0.41491
  98.55513   19.58479  279.19902  269.23214   70.76277  116.46292  157.28286  293.04128  113.64147  194.61317  296.18907  273.70718  113.59976  111.98620  110.90782  207.13638  193.47081  262.02494  226.34633  165.99145
  80.05246  198.04467  105.99514   82.61987  175.75365  171.91041   92.21443  228.76316  227.73982  172.93211  162.49193    8.32725  101.37869   14.14631   48.40562  215.54799   98.49936   37.47931  127.95871   37.35767
 179.94204  134.23527  283.42651  101.74081  142.25725  238.66194  189.68470  176.52327   90.58748  114.61874   68.85464  236.15698   77.29308  109.60479   31.32731  221.81892  138.87811  260.28930  115.80776  219.15613
 189.86119   33.50061  248.78016   59.45941   41.32481   31.66813  204.20686   54.09110   78.97876  174.76416  198.24832  270.50322    3.75648  277.42052   55.51091  110.35211   32.00039  229.68278  121.34897  192.26072
 148.27193  190.73280  206.32439   74.86646   74.25744  224.15580  239.87345   34.48169  123.53460    5.66329  214.18996  233.88190  266.99684   39.23732   17.04352  229.07605  292.50916  108.19044  261.11401   68.56326
 248.14851   53.50991  118.39480  254.44349  129.65140  122.45134   39.79414   95.39457  137.84015   24.80853  152.49954  236.54042  134.21194  109.07575  212.09416   23.63212   69.30152  269.53974   29.56562  275.69382
 220.67554  222.77638  141.13464  129.85351  134.54088  133.46231  227.42982  241.73949  202.31352   70.05145  123.78107  115.86018   12.32104  188.89757   58.74509   15.00294  103.74970   87.98761  257.29321  197.22120
 193.54931  292.78311  116.96492  227.07517   10.00589   58.57617  205.33464  296.51744   85.17794   62.91251  227.31866  250.25279    2.23153   94.94271  150.89144  169.41794  137.75412  295.43231  143.40159  295.95606
