 180.86911  292.28654  141.21740    6.16647  147.82663   79.67237  191.12506  283.21596  163.31561  121.12000  135.55768  123.82957  117.37356  281.00710  252.46821  235.52543  251.97953   60.65190  178.07923  267.82409
  18.01955   12.14258   58.85833  267.46834   87.21337  239.70054   93.32953  259.88438  158.10694  198.01391   71.17073  117.34752   84.01496  132.50586    2.10291  142.43690   80.49495  156.50408  297.62319   77.22463
 261.14209   20.99116  198.83893   57.70931  145.95355   36.26468  103.49528  162.64200  211.44487   99.40854  201.50001   18.01672   72.31296  284.16726   61.61561   74.54838  143.42548  292.40463  271.25739  236.05980
 136.44180  135.52493  168.42497  218.26927  221.00670   95.67969  104.51305  259.03093  286.07212  181.03478  218.77072  282.65987  279.77787  161.33291  191.51337  136.55595  242.13824  239.95283  149.21028   39.20616
 291.01899   93.54083  214.15794   91.55470  241.86556   87.71233  103.41914   14.92973  238.58129  156.99758  266.79916  176.94623   64.03668  224.70947   73.54599  224.15570   57.87273   81.66972  282.60777  208.39711
 233.39089  285.93118  146.66080  256.86306  223.87049  207.93427  158.11729  253.84797  184.85554  290.38925  291.85140   86.85823   95.72158  113.20937   35.49542  105.82208   88.32616  117.76681   71.25867  134.62320
 204.62419  257.84923  188.62324   64.13778   35.26868  132.67199  201.50074   84.49194   54.88153   36.31491  130.55979  114.68280   18.98188  240.00065  115.06573   45.67954  169.63914   39.11277   33.54543   30.08179
  18.13201   79.22419  243.90679   93.05353  251.69211  163.52167  156.40215  210.62949   51.17990  139.67608  144.14295  126.05231  269.20892   34.49467  286.36160   19.70484   17.25566   62.37229  128.45354  116.87350
 196.14009   60.64844   99.42591   10.59022  197.31606  143.60299   72.12657   13.59850  149.91929   65.99249   41.47632   89.28044  130.19451   73.11296  110.26258   17.55642   83.03516  195.72765   94.52130  110.42553
  20.74892  247.35432  168.26994   56.96457  267.03600  271.54315  280.33114  173.66713  269.29015  120.17613   32.68557  113.59671  165.87447   29.48213   42.48573  205.68257   11.96025   86.04344  248.13566  143.66608
  24.59761  252.10148  169.55866   81.56629  165.12159  180.56012   91.99156   84.85297   24.38302   84.37545  129.33544   63.37290  177.34185  155.28012   89.38320  284.40287  135.65563  291.96934   84.38980  144.88694
 218.09805  293.67202  136.89333   21.18961   21.29655   44.48460  122.19084  216.04781  267.82726   87.84864   12.78842   42.21739  146.89461  261.76019  111.45006   94.58365   43.86815  212.37925  150.61203  255.90184
 254.85019  149.59074   75.91133  247.89041  287.64377    3.31877  210.50281   78.77281  230.44940  132.53766  290.51682  117.73597  215.52482  276.22838  187.28278  189.63777  197.78508   44.31997   45.81966  169.01708
 174.98271  221.15833    4.25768  299.34080  125.93856  281.31967    9.94690   17.58351  239.44735   73.08011  288.40071  275.03814  284.61922   44.57052  253.66280   31.32918   67.98928  271.86334  215.05795  156.49587
  79.75770  154.32554  134.55967  276.65871  225.72755   11.31311  295.57712   89.82900  283.62275   69.80851  180.76019   69.82421   99.34059  190.58258   91.30539  161.30850  144.30389   69.16482   36.29958  283.15170
 126.53299  102.37852  137.04213  278.53766   93.28169  126.16609  247.48504  228.98079  157.96755  263.89618  150.64202   69.51729  197.97261  112.62084   24.76283  161.71896  142.53602  171.39337  121.00282  211.53821
 141.76903  240.63806  157.24108  230.07094  107.69534  171.02334  171.74017  296.94385   47.69541  150.99858   96.13319   47.45021   94.69281  158.12893  123.66816   24.15083  164.36673  218.75494  162.33645  184.63247
 286.84029  127.54206  253.20470   14.34616  157.34452  132.80794  115.30396  140.93603  141.81172   45.37158  196.87946  150.84961  159.82931  218.69939  246.54562  260.74510  196.08606  156.05005  282.64472   49.61319
 285.72408   81.64611   26.60725  239.70452  297.28549  180.68241  194.03119   75.36507  154.51472  277.70330  139.97158  273.42764  261.34726  169.73464  279.23676   64.13063  118.31455   57.62952  104.99970   66.06846
 195.75913   14.17629   87.65408  194.09490   88.19846   44.22595   65.74437  219.12176    8.83312  244.31992   85.01989  226.11615   59.92376   89.61420  109.11649   42.60263  141.95620  237.17881  230.48685   97.52014
 173.21677  157.66215   85.54746  222.38698   12.97419  166.86091  121.93239   25.37705  273.50699  160.19515  272.21972   20.79094  178.36008  171.33673   67.50855  262.45766    0.18657  214.43948  170.62618   24.77215
 173.32693  189.14718  250.50763  287.57330  283.13056  195.72269  174.28378  115.45379  182.87386  290.88674   96.32354  193.51350  101.04460  239.47638  186.59926  138.87172   76.13217   48.66336  251.99513  180.92275
 288.26945  271.29812  158.79806   99.67183  293.10082  151.80256   99.77036   24.70157  177.39415  212.25789  213.51483    4.77781  130.48297   31.66404  280.38120   22.37712  126.75495  192.77988  252.97911  264.11611
 259.15388   58.10669  229.03826   21.01366  199.38497  214.35228  272.09794  230.36009   25.73052  257.50557  254.83372   96.14265  182.88378  240.18556   53.84746   58.73279  136.80886  249.52971   81.38534  121.79041
  56.16710  146.33819   60.08008   67.16629  111.91267  261.35792  297.04998  297.41115  232.87098  276.67747  172.63502   49.42968   90.15840  129.72803   83.06717  107.35439  115.26491  201.24633   23.79594  269.89119
   2.40516  206.51605   98.82495  132.26626  188.00148   27.93735   79.30980  293.06902   45.31865   12.16020  231.77150  134.04276  208.16430   38.20776  188.43410  224.98765   24.34416    4.82348  101.74737  139.20809
 227.51125    2.69168   54.65022   19.42370   88.73768  182.31165  124.28154  167.20633  148.21938  275.29788   21.04927  297.44233   29.52888  194.77281  117.56542   82.55112  135.28300  295.34890  180.98945  112.30338
 247.63536   82.69722  100.69200  221.11791  146.91106  160.55053   33.93913  236.26753  182.68446   31.79995   57.45891  189.59258  103.15604  123.34474   64.00713  151.02814  224.49070  138.81156  119.69709  236.17551
 270.12534  147.75090  101.57105  268.48495  136.70474  175.81545  242.36209  109.45325  136.37452  238.04557   42.43711  258.01706  214.88479  217.05702  131.93436   37.15891  207.76625   91.08631  120.96944   60.37624
 268.90427  211.45753   41.40067  142.99972   75.11824  190.55797  293.59882   84.71015  133.30593  145.95439   12.01148  174.27085  238.11500   91.26432  157.04021  160.88431  215.33879   98.02110  256.72094  113.21648
  48.09271    8.84607   79.85097  274.41024  111.17521  176.37225   49.68871  208.77557  219.40278  283.91404  256.51840  184.01728  298.03652   31.03018  150.75399  156.81060  205.84980   57.34375  137.77318  237.32410
 241.16903  173.93613   65.06691   29.92748  248.50140  145.04898   22.92623   19.72017  272.10604  117.20733   88.26293  177.99230  204.60460  158.40290  218.44890  230.18030  121.13559  115.52701  145.60548   11.07337
 224.36128  219.51650   87.01433   31.75101  208.26971  133.03583  184.48211  200.18132  133.04891  225.60879  191.65830  122.48154  200.59312    1.51747  134.14306  130.11276  166.59683   38.03550  172.07136  146.99379
 220.53830  176.74881  132.29506   99.14617  193.92678   31.83792  219.68998   54.44343   80.29216  225.01067   57.48286  223.30479  140.20695  259.74351  239.80811   74.27053  112.76920  131.06789  216.74010  113.03226
 119.27555   22.72367  178.87789   21.82887  149.76141   67.06230  107.44112  180.88589  295.08865   22.77960  236.81334  235.09069   87.96911   17.91255   44.27577  110.24611  121.43979  140.83244  169.47472  172.24237
   4.00741   16.46086  178.84601   44.84860  257.65001   52.83396  140.06440   49.07982   10.31820  103.70630  285.68135  205.63263  207.81962    3.17294  111.39466   49.65611    6.53391   79.86750  250.05961   62.43393
 113.70097  279.67670  227.87970  265.27261  153.36048   49.96098   26.08877  118.15888  102.02296   25.88946   19.72144   95.80157  155.92289   44.76025   62.45201  225.46059  195.62509  275.34640  133.45805   22.86243
 115.31274  175.31608   13.66666  293.15308  296.94019  106.19788  228.94071  231.07169  125.16848  259.55829  252.61535  202.20219  207.91093  127.54092   13.17379  204.62060  199.81748  295.55161  239.51070  151.50631
 248.45356  296.69329   59.30910  237.19406  110.48434  132.01355  227.22708   79.37652  289.10246  154.71634  248.01675   97.93464   96.14083   73.59314   71.36632  283.16082  264.94776   97.93016  238.26613  223.29288
 184.26766  228.98680   71.64225  177.52160   25.82109  169.98656  250.57425  260.02507  216.06961   66.40893  265.97687  286.06862  270.38026  281.47201  290.44830  103.25493  288.88624  149.89269  157.44206  277.19230
 200.45863  275.56381  211.30005   95.40318   85.48052   77.04826    4.06097    2.97256   67.62663  192.77771  134.59419  232.92562  141.92896  120.67279  291.01513   56.40837   44.22568   81.96716  255.16827  100.09046
 251.90735  198.30073  208.17467  298.91119  110.58707  113.97868  259.29781  275.00348   78.26762   82.65054  126.57470  250.80532  234.51832   90.61563   44.65058  279.59844  204.92576  179.30994  199.18356  223.69820
 215.97021   18.39119  125.83544  151.78657  196.83098  134.77687  121.66552   18.98250  134.44931  218.17403   84.95769  219.58290   54.21327  137.53848  187.94279   80.05575  127.29309   42.92891  149.38974   65.32391
 202.78067  132.50376  144.99986   85.40211  290.36670  262.78336  268.09804  132.38831  203.28024  262.66133  172.85794  188.16024  225.67836  217.80582   58.43043  264.05084  126.89601  167.21428  284.81340  229.31461
  64.85419   91.69523  277.21220  273.95228  154.41466  270.20782  274.87800  180.36424   57.31492  158.36341   79.82282   85.75908   20.39871  244.47587    8.75304  240.44139   82.01099  212.70506  267.75419   49.37984
 113.74354  135.25131  267.11476   29.80657    9.13717  272.91467  263.30414  163.84349   95.65601  176.26219  265.48229   89.45263  286.48542  205.38026  233.17437  131.50852   50.96904  201.41197   92.85714  126.71247
  28.26736   37.82158  222.41732   45.81343   48.64753   32.65985    2.53617  206.73706  184.24683  291.04481  292.19057   15.48402  110.22591   16.55198  278.11488  194.84759    3.88953   56.40362  232.96917   70.01725
 116.87718  251.39556  229.06475  178.49471  131.29927  253.69442  126.95620   82.18485  226.44970  261.20952  281.20409  123.43016  115.28038  210.94400   17.40212   74.39982  201.03922   71.76297  207.73160   33.49101
 202.53570  218.65234  171.99278  146.81989  223.97796   91.83105   72.17858  136.53450  157.64905  245.42773   31.44972   29.40430   64.09097   16.35865   39.01582  236.43517  259.91095  289.23915  167.87717   25.63264
 104.82933    0.29067  175.76304   36.88314   69.56040  284.87197  176.87558  235.73698  171.06425  192.53700  108.99730  178.59358  112.61232  166.27139  137.75978  196.81542  171.59211   63.37110  215.33750  287.20300
  60.37742   74.12274   34.18567  168.95455  131.52282  238.89663  117.82513  223.91727  144.90222  198.86295  215.08393   52.69351  186.90303  197.67114   36.06773  157.03518  238.39439  177.93802   55.32021   94.04497
  47.06240   44.49447  142.46691   95.09321  232.12446  291.71659    5.04214  210.19401   87.79887  271.57059  167.82834  148.44352  134.46671  174.46410   46.20187  168.01480  124.90901   52.26304  226.32679  283.16248
 291.33296  153.40507  259.68178  189.54564  270.60084  260.68634  228.47646   51.94024  152.57452  193.12643  267.00749  295.42233   98.11823  131.38413  123.62769  111.16561  134.09630  108.41394  292.26560  197.86968
  50.70592  120.04447   20.84441  293.31953  271.03034  178.40966   72.13606   72.80040  174.05915  223.42089  128.27762   24.69460  159.85938  194.53730   27.62599   15.32464   90.86825   59.74083  155.94529    1.19833
   3.43390   44.00308  214.50161  213.30632  263.22653   53.72039  284.86024  171.84008   84.88930  168.20375   54.97491  151.78512   65.31809  136.14153   99.71507  227.84744  216.44518  248.38826  149.80092    7.97331
 221.60227   23.72910   34.06481  213.50021  244.30881  240.88445   35.06069  260.01322   62.76202   49.61313  236.06698  209.62353  219.66282   40.88687  106.27840  186.11669  172.19526  296.66602  205.41030   70.08430
 133.47380   33.60616  155.62972  152.03307  114.39881    7.87979  103.84919   79.49315   94.21135  210.59440   37.31521  286.66708  209.55081   42.83803  213.69853  137.08341  213.24533   38.78879   95.87814  218.61291
 262.59038  150.72880    0.49437   26.22255  278.31503  115.94952  271.39279  121.59387   27.41644   71.60141   39.34586  289.19369  271.68026   61.83170  171.34094  224.40898  245.73572  228.32999   19.08866  244.05819
 160.16586  155.71390   86.12456   63.25092  277.55551  195.89770   30.21877  293.39491  240.93729  215.30664  216.29158  269.12672  149.51244  272.04550    8.86744  299.45433   54.32921  195.63032  158.79697  175.49498
  46.24741   62.79385   37.34275   14.31062   67.69033   95.96525   81.00328   18.35457  199.63768  186.28242  162.93372  112.71314  129.27668  290.68167  231.94967    3.17967  201.60705  126.90165   45.75878   37.03507
 299.78462  192.89064   41.94705  173.29985  169.78080   61.53323   99.38222   89.15497   16.04792  229.16877  197.28399  225.53353  158.81598  184.65798   12.74523   99.41900  141.05193  110.80704   33.26262  197.25016
  49.24709  156.05106    9.11923  247.78640  189.68947  261.26866  227.38164  150.44812   37.22992  297.16254  154.76332  258.08345  255.63095   44.97923  103.01300  163.87446  112.04922   96.28406   62.00731   44.37586
 117.95987  246.44808  275.04299  235.00346  291.36320  255.49321  242.67029  114.36115   67.32274   96.15679   40.73087  256.60320  227.09744  183.08858  145.19886  278.12565  140.00071  203.19235  240.28199  239.48191
  35.45005   26.50757  218.96973   22.79439  106.99682   39.59477  277.54003  244.41692  105.66070  141.61612  124.94371   27.51376  167.81246  183.06716  196.89586  272.01545  253.69157  248.64470   38.45737  112.36804
 209.95794  252.71525  184.03980   89.24030   69.77915   38.40804  276.78899  100.35343  234.20672  290.93849    9.63418    2.69326   80.18420  163.27476    0.14207   43.20187  148.26190  106.72458  200.05763   50.19188
 216.10812  220.25818  269.46986  145.56375  280.97140   30.50965  187.15812   32.22902  187.62363  118.69601  276.63864   27.99113   86.06516   67.72475  192.39267  223.09179   20.59959   88.32086  176.22777   30.45638
 221.63199  160.71598  232.37325  259.26338  268.72691  189.73077  116.97973   73.75649  289.02725   97.96576  243.98073  110.76926   22.94704  154.59697  298.91517  127.07234   53.88415   80.47985  232.46971  130.75862
 254.37923   82.18690   35.33403   77.09461  233.49680  249.45196   35.28951  299.22064  206.88896  274.15360   34.80269  115.12666  279.22712   54.15522  121.92579  102.59920  297.91520  178.31945   28.44060  172.62020
 112.86992  261.46302   13.19766  131.40835  105.94378   87.93111  260.39196  224.79636  202.80496  296.27249  166.66759   99.31513  144.93504  127.94248   84.19284   69.58398   61.30434  189.82639    9.35282   12.58150
  70.90098  188.21238  111.57320  268.33836  111.57030  160.61483  266.63311  148.42337  277.02184    0.62411  202.80157   54.39863  147.35976   49.43373  137.56236  153.38530  185.25629  216.94462   71.93577   45.10926
 239.80615  100.13843  283.47480  163.14419  297.37000  242.72754   91.07918  213.25553  241.15278  139.74978   61.83323   63.77190  212.35461  171.56948  157.52029  231.27847    4.61876   50.53300  199.75755   12.48418
   0.45758  145.68632  152.24778  138.02716   45.30143   82.10532  243.25817  284.33574  168.21919  291.35407   74.09384  141.94389  293.73290  109.04977   57.48312   90.59031  251.30753    1.42322   88.16007   30.23431
  18.40500   52.62670    8.33551  243.28716   75.76187  275.20499  222.22907  294.92966  290.28542  107.03965   37.34181  142.43566  177.11690  117.17419  284.82816  258.26555  261.17232   51.40289  234.68151  136.84126
 232.52818  156.73573   11.62715  144.75880  126.78991  277.17710   88.33625   12.22548  281.33183   40.81412   48.07246  179.81032  197.28684   90.90085   33.37195  264.38382   57.11730    1.69448  247.28633  136.02329
 119.08406   68.52523   94.90397   29.08662  187.01649  184.67949    5.31770  296.45782   60.95490   98.13304   27.14373  145.85522  140.64486  194.56383  119.27403  242.49358  272.34290   41.45318  294.66452   65.31819
 188.88600  294.68697  266.75071  146.04618   53.01550   90.16351   22.60007  273.12141  140.79985    2.36659   71.38375   15.04363  182.19079  270.26377  215.08542  232.71083  246.47414  199.94268  169.49843  183.81844
 102.91909  100.54403  131.44612   12.53653  225.28910  104.62387  143.11227  119.05511  183.90256   94.92315  284.36193   48.93646  166.90574  120.05260  132.65673  281.18105  210.33993  199.46971  222.56776  129.99648
 178.64265   51.70131   58.82332  126.87191  167.45349    2.31654  191.28680  213.48113  290.80020  190.17756  153.93552  112.07742  199.22560  217.38139   54.77827   69.22803  271.22226  219.53717  174.77577   36.81864
 280.66684  155.19739  185.40763  261.95189  281.88803   13.50455   55.47678  250.91068  213.46164  281.06440  232.62406  137.74315  138.79849   38.32493  127.46424   18.37877   15.25353  223.50891   69.82487  286.09541
 293.16848   63.45241  229.42118    1.11946  157.36754  296.63205  185.90224  209.92825   17.57792  156.32195  210.91774  269.03020  226.73613  283.76835   44.54833   60.84902   38.84079  179.02932   53.67965  155.97597
  99.04480  172.63216   25.27614   34.89479  256.38514  296.21346  289.95226  173.89446   71.29749  162.54255   15.99384   94.92801  164.76181  295.85988  298.83037  138.60321    9.26280  181.43661  171.40784  127.24048
 106.57581   68.46638   99.55050   81.12731  291.00880  177.82656   36.95845  165.35246  120.64786  112.08896   11.92263   25.38559   10.05647  273.22140  229.55457  185.64874  106.11412   12.11199  258.96028   79.36421
  80.57560  158.75916  255.51731  120.27072   88.91907  165.86786  293.15442   95.37259  108.02305  139.46453  113.64147  147.18495  150.20003   50.92434  152.17742  203.39886   10.33507  172.80245   35.61632  139.21683
 229.02132  113.43524   48.16583  241.69145    2.78209  266.35292  239.72171   70.19484   95.35793  292.44514   66.83555  255.74919  190.40762  138.29101  216.48408   53.61747  287.05014   30.07326  207.26729   69.33175
   5.21883  127.59137  147.88793  235.01831   93.84152   77.16278  166.90616    1.29194  296.11570  131.89305  256.87173   59.18911   22.87999  113.58580  237.95202   40.50609   47.09775    2.88340   69.09205  285.50571
 283.70740  176.09566  203.61622   41.41139  125.38268   92.76164    8.81413    6.91396  228.60569  270.32787  255.16165   43.96165  202.12161   59.87078   10.04895  109.72432  160.62424  142.51733  159.49125  270.13544
 263.14915   38.61869  153.89099   94.34569  147.58266   80.49284   41.50245  211.98816  188.27366   16.62935   78.61614  115.09684   88.37700  187.95029  257.85113  156.29927  293.91259  236.78868  117.79615  202.07977
 153.02795   49.68448   45.88653   68.77939   75.29577  155.88237   47.99482  156.16089  158.95766  127.67185   17.80050   89.81414   98.80004  283.31388  127.10718  211.84691    8.44847  282.40856  223.82574  153.13945
 183.91290   99.24526  245.31784   67.38023   59.24443  129.80089   50.88679   65.29331  180.19448  119.82811   39.31574  175.90751    7.79868  219.84735  114.52825  273.02297  272.23889  192.55611  130.91160   73.45820
 172.02160  265.45336  247.12317  185.66208  223.49052  150.49937   81.07523  148.92683  271.37425  118.96975   17.56320  164.77010  236.08307    7.02619  238.16984  143.91218  106.11903  265.02115  174.83998  299.10862
 205.20751  137.21703   87.93243   12.87269  189.81730  249.48119   30.84124  205.05268  172.86858  152.96202  221.24081  149.72749  224.29658  137.21631  195.65386   55.22919   24.84375  201.86911   89.07312  134.52777
 250.18601  213.41422  248.50666  194.32839  136.73194    6.18412  226.98103   25.83814  222.16352   36.39738  283.70713   82.12504   47.67957   53.23645  243.67994   95.56859    9.24477  276.62791   27.15046  290.32291
 164.04307   58.96954  258.15936  276.02400   45.91139  111.26512  177.75655   58.84597    2.74524  295.23244   94.90082  148.93654  154.74062  187.64633  198.88390  281.80175  255.31066  280.67478  215.47907  155.13431
 176.90932  215.58776  106.17919  275.82734  115.20038  249.89848  267.47626  149.74838  153.78173   90.42062  173.37004  220.14407   98.66400  258.83165  168.01153    1.71969  143.34706  152.65829   82.00418  242.01056
  44.07703  102.63878   76.63872  187.03790  226.24913   43.94977  188.98628   72.50362  253.33224  271.24752   56.74816   64.53545  207.25386  152.04278  155.07194   39.20517  240.24201  124.88848  230.25608  109.43246
 279.60326  169.16956   72.87427  117.37278  206.54060  117.31493  115.42374  223.47279  185.88822  122.22530   35.37062   85.43914  153.96580   31.84642  257.52093  142.16273   75.94351  243.55513  115.25191   23.38456
  48.28111  287.75800  263.44275  105.35678  268.10213  283.22973  182.73489  169.97703   29.58279  176.01648  296.79053   33.61624  264.84650  144.76367   31.71730  261.83455   47.77842  170.03872   48.20169  239.93091
 197.49145  258.65092  192.57579  126.29632  112.83701  266.31808  110.97168  254.92776  172.61017   95.81544   78.34695  196.97648   86.24497  140.25457  194.42345   47.16460   57.48588  254.28802  118.57493  204.43113
  37.84398  220.51321  190.10787  180.10044  279.23844  130.00610   32.61155  284.43010  285.49327  176.22978  247.09767  140.92665  108.70537  230.17016   58.69114  203.79775   81.09182  120.53764    1.13610   17.63926
 101.28008  295.74026   27.26332   72.17507  155.84909   55.17677   73.40023  154.44165   36.93495  262.60196    9.34005  276.13719  145.99125   67.41136  260.07845  196.34625    9.71538  229.84704  241.37844  149.31288
