  17.67682  250.17450   88.69687  142.37903  126.55478  223.52568   52.92655  266.14303  106.66955    2.93181  198.48852  233.48880  275.69288  259.87347  284.60054  148.47634  161.09071  270.13668  135.97799  164.44602
  24.96055  272.72285  155.35852  262.27819  143.97750  161.09947  217.31743  176.02892  183.61093  140.66556  246.41815  216.34767   46.10847  281.49793  280.26108  175.36207  221.33090   95.69502   94.46161   77.05687
  59.23952  205.64365  135.08350  232.73793   14.48126  222.35762  154.23595   49.11134  258.97008  126.09398  252.60835   42.22958  115.25991  242.84732  202.66394  153.78323  284.61736  228.15585    4.56034    4.09476
  62.77155    5.75292  152.21644  251.63642  165.65948  298.99104  220.22918  231.97340   73.85553  293.37799   22.30758  142.75874  234.93761  251.87159  126.63782  279.34583  297.98532   67.23834    8.12664  277.56676
  13.72988   77.13637  279.73626  200.10803  215.02839   93.33483   26.51061  102.91251  210.64125  213.06224  133.45154   74.74560  131.65249   84.23472  103.52013  230.34477  292.98222  227.49310  105.64206  251.08262
  38.89720  120.57732  289.22484  240.02148   69.98862  158.73443  193.35193  108.96035   25.13503  136.81542    0.74355   99.60011   70.65827   74.46134  155.48577  210.76556   24.00430  163.68469  170.50527  296.87339
 181.62043  285.05391  270.61636  299.35269   46.94205  119.95102  298.88155  132.89941   73.52417  265.57028  279.17421  160.73312   97.45500  243.22806  259.67684  246.15001  233.04058   76.57851  240.98558  206.88701
 164.18894  233.86203   98.67670  143.48910  165.79643  155.06360  224.27407  187.79832  268.07015  102.25233   24.17634  297.68395   70.37566   99.73132  245.58536  182.46254    3.32975   36.17626  180.16842  178.91733
   4.51753    6.66340   95.54890   40.75032  237.57044   34.34858    3.52827  262.54998  201.08043  248.32161  217.75965  105.20616  212.47286  289.10769  227.13248  237.29975  106.82482  186.93635  128.88328   92.12522
 132.01734  210.37530  229.19175   62.41663  159.02844   98.73932   78.76479  290.23202   96.81525  193.01855   54.47582  193.92163  189.86783  227.04277    4.91028   52.87613  216.55726   58.49582  129.34492   98.74787
 289.52923   92.44361   92.83034  293.55880  252.13458   77.24778   30.14349  258.53459  194.32654  131.12575   63.22591   98.46808  144.73618  253.88420   16.67453   98.59204  100.77662    4.88300   39.56447  176.47731
 127.42728  142.77871  229.23369  120.50363  171.96375  192.16460  270.50233  194.16190  267.05385   35.23155  175.29796  158.27196  218.24825  118.51393   71.15160  297.26149   19.91242  215.43075  192.78110   80.48298
 291.77536  271.51988   90.74615  170.59543  274.27623   25.38501   68.88892  187.73537  254.50055  165.14799  158.10515  135.44177  209.57967  117.94768  220.98700   38.07486   24.10429  121.10915  208.03888  168.04321
 179.55912   29.13323  229.77664  209.58212    4.46996  237.11703   29.60473   31.36752  157.76273  111.63720  180.01422  156.77702   59.18778  175.09409  269.73140  267.39374  245.10016  282.41517   73.67567  200.15228
 286.34498  204.02462  238.01796  242.06824  286.41138  201.13526  246.46814  255.29911   81.22122  187.24158   24.64084  293.39389   66.22851  268.74581  142.83237  183.71586  151.59286  140.91948  216.40082  191.77192
 161.62433  183.62552  149.19085   64.20498  184.38666  171.41745  110.95001  230.52532   99.22957   21.44741   14.80781  267.79895  168.67603   27.04192  179.60877  143.61390   60.74929  105.76908  111.40308  295.26660
 220.53919   10.46885    5.47956   21.28626  200.70987   94.21208  180.02684  177.61329  276.50901   79.80415  168.51035  269.74224  206.14163   69.95300  171.44791  293.16680  242.67855   80.31866  119.07018  125.80013
 284.59987  177.34869  137.67142  176.73361  110.16012  193.22841  116.67002  296.75190   72.56155  159.75547   62.48801  110.54556   19.50403  169.98571   33.96655  187.62059   37.71573  277.94293   96.28774  249.96323
 291.22031  248.78854  154.93691  243.87554   15.16389    0.50966  194.47005  228.75357  251.17939  125.26642  291.05553   95.28976   32.23388  146.28829   85.86562  210.42072  242.19403  231.39649  288.65857   23.29683
  13.78868  275.23910  225.07469   87.80019  184.67525  219.65813  236.98238   25.51132  175.13816  280.73102   49.06566  173.99437  198.83203  282.84015  169.75574   76.19117  284.34241  104.05666  224.81764   28.00268
  75.42138   45.57084   36.38156  138.57090  230.54498  124.03809  107.45970  108.84211   89.81340   26.96532   37.34894  124.51721  241.82284  255.77066  212.62389   15.74264  290.26700   24.37181  107.17828  255.47865
 130.89930    7.36624   82.96443  144.94194    6.21337   46.21481    6.94425  170.93995  118.42944  205.31152    8.73599  243.88728    7.98455   94.92908   27.22147   46.20756    7.33857  170.39382  222.93686   95.46065
 130.49116   17.37518  198.93860  265.55835  299.97430  183.52344   52.02667  218.46640  107.79954  268.87194   53.14762  288.60756   16.43760    0.43020  149.10488  278.83405  221.97676   94.23651  101.05652  242.07537
  58.77361   77.49260  292.86297  158.93442  275.94027   24.42405   45.07508  147.31797  280.07079  286.63397  134.47774  215.09149  159.43300   27.72839   16.07089  181.11692   43.02013  173.44508   45.27337  210.97121
 248.03414   21.14943   76.65470   48.02838   66.15913   74.03819  154.89265   25.52390  292.54029   47.59110   56.00554  220.62107   66.65336  230.74754  167.88409  206.06750  268.31926  249.13564  186.64487   85.49754
  32.84889   61.53684  221.11342  266.22991  222.95021  269.04777  137.52692  218.59145  171.61117  221.13314  226.48368    1.89806  233.52892  241.18026  275.37160  181.56762   60.29607  186.61005   96.10747  288.56241
 256.94603  181.27175   63.63966  150.32000  105.83458   27.60682  139.68329  267.34866  110.49541   81.25028  198.64626  124.88095  216.07083  197.33562   79.78122   48.41931  263.30518  223.00150  272.02500  165.35543
  99.54712  101.25754  242.68494  161.90116  249.68335  224.78813   12.54569  257.77567   19.93902  191.02074  103.31032  173.51721  175.72304  139.35754  226.38771  148.30692   65.14122  107.41988  130.78102  279.30048
 139.74666  155.38955  138.41701  298.16554   37.50318   30.95697  132.84019  251.16823   85.81565  291.26464  110.43994  111.28267  190.75141  139.74614  222.98310   43.47013  198.38820  192.54061  143.84965  121.67220
  50.07263  123.75620  114.32585  295.13096  201.18140   94.77856   15.87112  190.34304  136.32708  185.41277   64.31691   92.79053   27.52325  126.67681   70.29076  106.25955   71.33298  186.17837   35.08026  271.88386
 290.00278  147.68063  121.49202  230.89196  156.87963  175.79370  161.41439   87.05787    9.55304   32.79215  256.87618   80.02403  171.21923  258.81876  235.69752   49.53524  267.79609  221.63379  130.46471  201.74866
 234.22496   31.68823   61.60106  173.76309  275.28636  194.40978  243.66138  128.74402  250.60549  230.03425  233.40053   19.44294  145.72698  213.22980  272.96380  183.20457  201.39792   84.36913   64.89793  291.93292
 163.90560    9.74342  260.65325   47.77346  248.39971  251.86458  117.89666  122.08051   93.93213  222.21702  213.53642  177.01594  201.74260  216.89035  207.32704   40.36788  150.71728  140.35203   26.49794   60.23415
 233.98489  171.03607  147.61682  283.29760  237.50589  273.39730  282.41778   69.85908   44.65258  271.81552  177.42780   39.46478  278.64645  254.15277  289.52257  297.96596  254.39550  168.16900  246.59732  281.24783
  14.08367    4.11366  233.40128  101.86774   80.58686  163.82479  135.86056  286.12552   36.81432   85.69102  206.79859   35.80453    4.89839  126.16678  119.06787  251.83538   69.04952  112.21656  235.87019    6.61101
  29.35007  151.05894  124.77467  246.04711   88.13534   40.55500   99.11018   10.99860  281.26728  154.55944  266.03235   78.36542  258.35198  153.02913  133.71064  129.34066  160.47391  288.25113   59.01812   61.28201
 135.40118  180.23361  154.13719  230.04549   72.02468   14.72682  169.93842  107.94165   50.22004   24.90614   71.31732   40.53917  267.67323   42.73787  250.88969  194.87878  108.28237  224.82958   74.83812  206.45949
 216.36770  296.71219  113.90461  149.14182  190.99041   26.36018   27.11778  145.82848  275.67702  211.33956  255.68029  251.22855  283.71435  273.29228  163.25710  288.21361  178.88470   76.41026  273.77474  130.57257
 125.85004  165.58494  162.91526   20.52140  256.22064    8.04822   65.96351  157.89141    3.99873   37.42630   80.27527  118.11516  177.88317    2.54470  123.93292   70.08948  226.32610   32.98676  170.00315   60.74283
 199.92267   92.56717   98.24276   93.21077  133.11338  228.66677  295.79129  261.42372   59.60557  224.45614  219.67804  176.45400  218.45127  231.30262  155.80532  273.05629  216.78574  235.95423  263.88301  205.64258
 161.24271  242.08535  186.33526  103.34517  113.06684   49.70425  146.42895  171.86243   37.83989  218.99398  150.24540   78.07348  165.82895   33.80980   98.83365  116.94736  187.49022  103.40348   85.34354  214.07231
 119.61729    2.76211  198.83093   18.04057  134.62613  270.53988  183.36998   21.62860  227.44853  153.40593  294.84095  188.10150  171.97093   95.64406   41.13753   17.96106  232.48930  292.05230  200.51705   99.59322
 127.84571   13.42365  278.07929  206.80089  109.65389  180.88707  216.30773   35.94381  293.25781  158.79647  286.77131  286.70924  163.57025  148.59280   26.40880  106.16409  285.74424  271.93354  162.70859  146.32526
 259.55645   33.94715  222.50868   71.05517  198.90637  193.41952   55.93910  223.12357   43.24920   51.21295  205.75874  192.75717   23.29698  121.67617   53.89269  145.51399  181.04243  161.07621  210.89523  163.24162
 201.02059   26.78986  204.66152  260.46955  249.77508   37.89406  106.50325  204.48784  183.86154  110.73591  101.05794  187.36513  213.83699  179.89379  273.87479  275.37850  194.63411  247.63419  247.34590  173.37508
 293.97456   93.36179  178.54846  110.48649  100.84090   27.45586  214.32330  128.28524  176.51223  265.93397  192.40037  238.29057  296.49465  166.83941  298.26501  270.62492  143.90781  179.54410  239.55424   18.80574
 109.70093   50.76191  160.15255  207.85631   44.17039   57.34681   62.66135    2.01036  115.88568   50.65359   40.38346  265.87648   71.48792  135.31064  240.48240  290.52721  231.51421  289.21259   75.92951  285.17835
 115.51765  296.80219  264.93845  283.15422  122.38769  183.56695  266.80402  158.61100  268.78451  218.23098  260.69507  108.57294   59.91690  262.55932  118.94380    7.16469   94.42636   83.82024  159.48886  180.11721
  99.40342  258.91913  199.85482   30.27775  168.96409  245.90800   11.83615  288.24496   38.75875   17.86186    2.68843  189.16029  121.81164  140.97657  104.82663   77.34645  269.76115   28.29234    0.24729   31.75141
 154.47663  260.69234  215.46653  134.03484   77.18782  257.45246  204.82612  243.33131  267.26649  128.25723  251.80992  100.27444    9.29631  193.96867  269.33412   45.28273  161.80714   85.51835  185.47484  203.98133
 237.10486  101.68226  149.72817    1.03004   79.99738  271.88087  216.82336  151.97617  205.96806  136.45754   28.28736  255.35707  119.08065  254.81594   13.87883   85.08978  125.24205  152.36670   15.83790  242.56600
 297.77704  132.30213  270.65536  246.15007   74.28280  146.74196  194.06207    4.46307   63.36185  181.08420  122.11182    8.62221  267.30124   78.71775   29.05476   40.63157  111.40896   87.69782  229.54043  115.75352
 236.79531  157.99232  112.66621   89.07385  200.52093   46.00600  291.22926   59.59412  240.47673  258.99695   37.22245  144.72901   63.19547   15.78198    1.88247   73.27013  167.84108  266.62251  264.77224   87.92596
   9.53179  293.34553   97.45927   84.19490  264.00668  116.59742  265.32492   40.56249  266.05031  111.61975    8.66691  197.24314  295.90582   15.30651  148.22296  255.71044  179.37469  222.75757  298.72860  247.50481
 188.93573  296.44610   68.51110  231.77077  150.38094  179.79374  138.17630   35.77563  267.64223  259.18074  106.88984  239.70705  131.64535   70.80817  215.74771  244.07109   32.45307   17.07546   17.47040   53.68301
 116.99497   37.39400  282.87797   12.13810  264.26429  142.97306  159.45561   43.82560  103.03881  227.28793  233.02858   21.35838  288.32326   51.67980   32.96677   74.96545   20.11212   36.24932  200.38316   21.26772
 128.96774  227.55108  128.14933  284.42171  149.52983  155.77902   61.52627   88.09603  130.01396  288.97168   93.76339   99.17129  120.19523  133.88830  119.45075  212.62761  281.31428  267.31872  244.78737  206.74785
 173.62183   28.29515  208.08184   86.02085  203.55181   59.78878  137.87096  203.71298  119.98322  209.39485  110.00456  290.16733  289.81673  254.57172  222.17290   60.78325  219.00884   25.73977  271.10734  214.46242
  25.21258  212.81782  110.41998  252.55320  212.57941  115.78249  142.00712  198.40096  166.49670  239.67179  225.84739   17.62560  254.96092  162.29750   15.99270   39.96127  166.43383   94.69196  130.90721   32.39639
 258.05349   26.22469  268.56014   35.88189   13.90496  156.28345  207.51213  241.48532  192.94062  144.82639  209.48758  291.62263  225.01845  228.97535  265.26380  216.03753   67.24204   64.41427   72.07071   86.83097
  66.32662   20.77167   90.53033  232.81077  257.04037  245.53762   51.45944   17.57655  133.75794  133.85744  144.15701  168.29280  231.78112    7.48242  177.96974   43.93898  154.38176   18.32345   66.67416   87.77957
  62.13412   18.06361  204.53316  125.57116  268.15988   99.93405  131.07198  232.32990  229.69595  287.08082  108.34178   36.87181   17.74758  244.28489   45.03898   87.51549   66.71868   21.67060   41.93442  186.26206
  88.34213   47.91296   23.37589  123.32071  278.30248   83.52073  151.93346  268.00412  180.37439  114.19409  184.49563  184.74903  259.84648   77.61340   24.05620  230.89182  285.49974  227.72109   50.14298  112.03268
 255.01976  275.20924   92.62797  204.72765  149.81077   18.98809  134.74001  208.45010   34.63854  155.83656  204.13693   37.81337  172.82416  217.08929  251.79330  173.72342   11.20611  141.79604  215.49545  195.47471
 221.22927    0.42132   62.88919   42.33474  195.28479  263.71374   76.52389  237.78465  130.70443   83.15774   16.95686   53.67116   53.84573  155.17929   22.31487   72.55394   92.69400  218.13989  172.38353  106.21762
   2.92420   90.22523  144.73593  111.27505  251.11559  243.52371   13.05313  185.31404  136.99840   72.40174   30.97988  246.03601    4.53063   90.01432  143.45922  139.34271  174.66370  122.92936  277.31713  193.36042
 185.62298    4.59035   95.38796  184.50389  240.36619  108.76904   84.31033  173.82551  167.51019   33.18537   50.20719  252.93425  245.06316  259.91329   66.05231  129.28173   69.15591  207.47402  161.69021  181.60238
 153.88930  167.07403  258.29225   15.58105   26.33397   66.04638  194.40367  266.34092  223.47596  272.84735  202.75305  278.82540  197.74516   19.43648  144.57505  209.30500   57.33128  254.68588  288.39458  289.70734
 236.20494  248.41522  227.70817  158.73673  180.30642  258.30177  143.55724  236.91613  200.59204  115.07917  246.98658  122.67742  142.10758  200.23820  125.04550  206.83519   83.45759   49.74757   99.65372   21.74001
 160.80814   34.78357  263.54326  257.17352  126.29288  237.06782  212.44325  173.29775  154.22913  105.97542  183.24147  248.04083  275.50288  113.61908  251.52810  131.90318  139.44516  188.68186  199.04589  243.28837
 299.55242  281.76373  246.70946  199.31240  247.17426  180.30154   36.24924  227.72784  249.65266   94.11881   67.16862  148.24919   21.14195  222.06530  299.93321  195.49866   73.53170  234.52039  121.40593  288.09700
 230.15128  216.87159  189.68242  250.01144  127.46018  266.59831  165.08282  234.06522  130.21540  140.35192  251.85998  118.60835  161.73916   43.16273  194.74122  162.56345    4.18255   21.78107  171.19786  268.53888
 223.31572  180.08528  264.00527  138.35309   27.46818   30.99851  255.08354   43.90808  227.95792   99.45317   65.56260  128.66341  153.66496  174.15399  111.78624   68.65455  261.80147  224.62732   24.47497  247.26441
  50.33955  126.63118  206.64232  244.83650  142.40834  129.78832  158.57857  231.12490  134.57988  191.20512   68.22794  248.40331  155.45044  216.68864  299.65147  248.53933   85.64379   42.27958  154.77181  228.01531
 162.44424  191.90875  272.79891  270.04139  267.56684   17.39085  219.16957   19.74279   55.10121   81.21257  222.27349   70.65262  102.56279  134.22671  229.23929   95.74770   82.54317   21.75668   96.08451  225.84697
 143.23310   35.72076  163.50650   87.78599  296.87891  254.75705  130.66391  131.62847  201.84836   85.77551   18.65611  112.02486  152.69789  165.03797   90.14414   35.39908  168.18527   59.27237  296.30504  105.98073
  73.37573   21.38891  297.96903  291.37477   25.18617  214.82951   70.38461  203.64629  118.26318  149.67134   37.27864   13.11981    1.48864   12.83822  163.20829  284.86006  270.34789   71.89425  132.19826   89.60262
  57.70555  280.84379  218.99188  229.27041  158.35408   47.76079   57.85505  189.46358  183.29004  160.15000  240.51674  255.79665  188.48915  242.70549  148.22095  144.49401  276.60759  206.05349  200.23936  101.30378
 299.11137  283.76072  112.59656  278.68969  163.04047   98.12179    8.48460  216.44463  182.92970  215.73753  112.09248  244.23159   13.40245  105.71341    8.20947  147.57829   34.48514   16.66060  149.00996   89.59837
 114.48720  268.68646  270.37167  239.15065  155.90196   27.99575  213.06662   20.90291    3.22190   17.27198  120.41327  108.26013  126.89868  265.50742  159.27975    8.69608   91.67461  158.23730  236.89982  246.44541
 295.56479  266.77305  294.00108  286.90130  132.01703  191.30108   39.04381   95.98658  225.41987   53.62898  181.19551   86.95383  282.28141  123.73416  251.69754  120.67948  284.47399  229.19110  245.45345  122.89882
  54.83488  259.64505  209.69476  211.49134   76.80881  295.77606  289.03748  224.07079   82.49962  178.88121   60.70142   41.55669  238.96679  223.15589   17.20482  215.31740   98.43554   16.68918   32.84467  221.40093
 210.66000  131.59288  281.92888  284.14653  234.85651   81.94038  283.14615  283.08388  219.20962  105.16252   70.22948    9.51423   92.31666   69.50309   85.72800  189.80907  134.39068  242.27103   18.71082  293.72802
  96.20544   36.61546  275.54606   96.61571  286.06644   76.62866  254.42830  208.25078  254.22999  141.08468   62.36006  235.59858  174.63974  230.81024  263.57014  281.38495   33.46526   57.51372  221.30284  141.90507
  98.87935  124.77392  206.09468   79.21193   62.13865   55.66271  140.27002  290.98508  198.56827  119.68924  276.46333  252.88710  191.10580  189.83958  265.91188  241.49847  144.82351   18.17663  101.50113   96.29928
 276.70352   38.31349  245.78900  250.48546   16.95784   26.37532  239.41589  222.44093  242.11115   55.65469  175.52217  135.08356  264.76822  236.75802  279.12318  201.99681  238.20697  294.99606   51.57074  293.79086
 129.04397  126.42156    4.44555   95.18123  109.17760  295.55020  164.68235  251.03417   98.28614  111.19686  218.92401  205.02503  290.96258   42.51651  116.82746  163.48993  146.98336  249.71419  124.43802  258.80808
  47.83097  213.04396  262.79858  110.40013   67.13757   58.41548  226.64715  242.87618  225.03341  292.22207  229.96163  193.57723  209.18112   62.98782   72.21965  185.79377   92.89268  214.80689  193.93227  207.35453
 178.59463  166.41906  223.47812   64.29083  244.19614   47.50509  130.34149   10.07539  184.96188   61.22697   79.21203  292.83534  169.82569  274.26654  196.36802  125.76813   71.67056  238.93061  179.57947  192.69847
 167.86623  299.18600  133.65432    5.78859  112.24527  150.02651  270.35568  124.11539  180.93397  160.76805  126.00212  159.02948  269.77377  146.66950   55.20055  113.98631   76.47004  267.42280  253.16295   95.32277
  70.73397   20.76490  210.15937    1.54733  120.73971  193.70330   39.89629   39.97763   51.11038  256.47790   84.23500  114.80077  211.31660   31.27964  125.93967  171.07064  215.87864   69.94087  237.53682  149.48836
  62.61487  210.42805  203.10251   66.09130    2.53332  195.25765  203.58367   28.68000   83.25767  261.57200  270.96826   25.75601   52.23248  100.55262   37.52069   74.72321  133.54340  138.76365   64.29618  172.01751
 255.40431   50.84748   36.06014  102.95507  287.91966  101.55747  219.79345  107.78163  160.51126  274.58641  274.09031  162.56506   27.01037  298.75732   62.29720   95.81818   40.11153  260.31959  114.53584  188.11666
 299.73855  125.08216   96.20591  198.82895  148.38960   11.43805  201.79915  188.50766   16.23798   51.30935  256.62366   45.65052  151.40307  279.81385  110.32790   24.26687  170.52041  295.67486   97.15911  215.74419
  23.36766   50.67422   54.97007   61.69920  216.26795  285.68339   80.78575   57.44076   16.94453  296.86646   96.74107  299.18078   99.48252    2.13797  142.66317  229.30395   15.07767  189.06957  291.06615  136.67451
 147.91413  160.03364  299.64698  131.31566  151.44173  129.64313   42.76080  132.25537  290.64634    8.66488  267.43049  115.27567   70.68747   61.48446   66.48324   68.14379  239.00935   26.21504  198.82251   17.18932
 248.62560   30.85950  235.07247    9.00229  143.73777  250.84168   32.74588  206.41747   10.14335  108.30015  211.17040  273.08457    7.45726  150.97858  263.97231  254.85456   66.05444  292.89507  199.87673   73.51737
 282.58931  262.31280   28.43660  103.29800   18.00175  120.55425  144.23876   28.80766    0.70153   99.07386  278.65408   93.22769   75.33541   66.29055  271.92788  121.26083  142.40205  248.42670  142.84331  272.28642
 197.64375  202.76198  180.92331  165.55512  156.39500  121.88766   13.31177  170.24733  299.75263   10.32147  117.29410  114.42115  102.44665  118.03081   30.46375  207.06536  101.36817  155.89641  243.50771  172.98109
  53.95483  131.05874  151.36857  134.29087   10.62116    1.75088  296.95306  244.71788   47.66025   44.36781  143.59530   84.86967  221.16426  291.79209  249.27375  293.17902  188.39677  225.21037   56.27519   34.95918
